30000
30001
30002
30003
30004
30005
30006
30007
30008
30009
30010
30011
30012
30013
30014
30015
30016
30017
30018
30019
30020
30021
30022
30023
30024
30025
30026
30027
30028
30029
30030
30034
30051
30054
30055
30056
30057
30058
30071
30074
30075
30076
30080
30085
30092
30095
30115
30147
30158
30164
30184
30200
30266
30296
30301
30311
30317
30333
30334
30335
30337
30338
30339
30351
30375
30378
30390
30415
30441
30457
30477
30487
30498
30502
30516
30529
30549
30583
30598
30626
30627
30697
30725
30731
30739
30740
30765
30772
30778
30792
30795
30809
30815
30818
30826
30827
30829
30873
30881
30921
30922
30947
30950
30982
30990
31011
31018
31032
31037
31039
31049
31053
31059
31078
31081
31145
31162
31165
31179
31192
31203
31211
31233
31264
31271
31274
31318
31329
31348
31360
31392
31437
31442
31462
31503
31512
31514
31517
31540
31566
31570
31585
31597
31599
31635
31645
31662
31683
31686
31713
31720
31741
31782
31794
31823
31869
31870
31876
31935
31948
31949
31985
31989
31998
32012
32019
32051
32064
32094
32098
32107
32129
32148
32156
32164
32188
32211
32217
32255
32259
32268
32302
32352
32377
32384
32387
32390
32392
32470
32482
32499
32502
32518
32521
32524
32590
32600
32619
32620
32631
32641
32658
32664
32675
32685
32713
32722
32725
32732
32751
32768
